+--+------------------------------------------------------------------------------------------------------------------------------------------------------------------------+
|id|minors                                                                                                                                                                  |
+--+------------------------------------------------------------------------------------------------------------------------------------------------------------------------+
|1 |[(0, 1), (0, 2), (0, 3), (0, 4), (0, 5), (1, 2), (1, 3), (1, 4), (1, 5), (2, 3), (2, 4), (2, 5), (3, 4), (3, 5), (4, 5)]                                                |
|2 |[(0, 1), (0, 2), (0, 3), (0, 4), (0, 5), (1, 2), (1, 3), (1, 4), (1, 5), (2, 3), (2, 4), (2, 6), (3, 5), (3, 6), (4, 5), (4, 6), (5, 6)]                                |
|3 |[(0, 2), (0, 3), (0, 4), (0, 5), (0, 7), (1, 2), (1, 3), (1, 5), (1, 7), (2, 3), (2, 6), (2, 7), (3, 4), (4, 5), (4, 6), (5, 6), (5, 7), (6, 7)]                        |
|4 |[(0, 2), (0, 4), (0, 7), (1, 2), (1, 3), (1, 4), (1, 6), (1, 7), (2, 3), (2, 6), (3, 4), (3, 5), (3, 7), (4, 5), (5, 6), (5, 7), (6, 7)]                                |
|5 |[(0, 1), (0, 3), (0, 4), (0, 7), (1, 2), (1, 4), (1, 5), (2, 3), (2, 5), (2, 6), (3, 6), (3, 7), (4, 5), (4, 6), (4, 7), (5, 6), (5, 7), (6, 7)]                        |
|6 |[(0, 3), (0, 4), (0, 5), (0, 8), (1, 2), (1, 3), (1, 6), (1, 8), (2, 3), (2, 4), (2, 7), (3, 4), (3, 8), (4, 6), (4, 7), (5, 6), (5, 7), (5, 8), (6, 7), (6, 8)]        |
|7 |[(0, 1), (0, 4), (0, 6), (0, 8), (1, 2), (1, 3), (1, 4), (1, 6), (2, 3), (2, 4), (2, 7), (3, 6), (3, 7), (3, 8), (4, 5), (4, 8), (5, 6), (5, 7), (7, 8)]                |
|8 |[(0, 3), (0, 6), (0, 7), (0, 8), (1, 2), (1, 4), (1, 6), (1, 7), (2, 3), (2, 4), (2, 5), (2, 6), (3, 5), (3, 6), (3, 8), (4, 5), (4, 8), (5, 7), (5, 8)]                |
|9 |[(0, 2), (0, 4), (0, 5), (0, 8), (1, 2), (1, 3), (1, 4), (1, 6), (1, 7), (2, 4), (2, 7), (2, 8), (3, 4), (3, 5), (3, 6), (5, 6), (5, 8), (6, 7), (6, 8), (7, 8)]        |
|10|[(0, 1), (0, 2), (0, 4), (0, 5), (1, 3), (1, 4), (1, 6), (1, 8), (2, 3), (2, 4), (2, 7), (3, 5), (3, 6), (3, 7), (4, 7), (4, 8), (5, 8), (6, 7), (6, 8)]                |
|11|[(0, 3), (0, 4), (0, 6), (0, 7), (1, 2), (1, 3), (1, 4), (1, 7), (1, 8), (2, 5), (2, 7), (2, 8), (3, 4), (3, 8), (4, 5), (4, 7), (5, 6), (5, 7), (6, 8)]                |
|12|[(0, 2), (0, 3), (0, 5), (0, 6), (1, 2), (1, 4), (1, 5), (1, 6), (2, 4), (2, 7), (3, 4), (3, 5), (3, 7), (4, 5), (4, 8), (5, 8), (6, 8), (7, 8)]                        |
|13|[(0, 4), (0, 5), (0, 8), (1, 2), (1, 3), (1, 7), (1, 8), (2, 4), (2, 6), (3, 4), (3, 6), (3, 7), (3, 8), (4, 7), (5, 6), (5, 7), (6, 8)]                                |
|14|[(0, 2), (0, 3), (0, 4), (0, 7), (1, 2), (1, 3), (1, 5), (2, 4), (2, 6), (3, 7), (3, 8), (4, 5), (4, 8), (5, 6), (5, 7), (6, 7), (6, 8)]                                |
|15|[(0, 1), (0, 3), (0, 4), (0, 5), (1, 2), (1, 3), (1, 6), (1, 7), (2, 4), (2, 5), (2, 8), (3, 7), (3, 8), (4, 7), (5, 6), (6, 7), (6, 8)]                                |
|16|[(0, 3), (0, 5), (0, 6), (0, 7), (1, 2), (1, 5), (1, 6), (1, 7), (2, 3), (2, 4), (2, 5), (3, 8), (4, 5), (4, 6), (4, 8), (5, 6), (6, 7), (7, 8)]                        |
|17|[(0, 2), (0, 3), (0, 4), (0, 5), (1, 2), (1, 3), (1, 4), (1, 7), (2, 6), (3, 8), (4, 5), (4, 6), (4, 7), (5, 6), (5, 7), (5, 8), (6, 8), (7, 8)]                        |
|18|[(0, 2), (0, 3), (0, 6), (0, 7), (1, 2), (1, 3), (1, 4), (1, 6), (1, 9), (2, 7), (2, 9), (3, 5), (3, 6), (3, 7), (4, 5), (4, 7), (4, 9), (5, 8), (6, 8), (8, 9)]        |
|19|[(0, 1), (0, 2), (0, 6), (0, 7), (1, 3), (1, 8), (2, 3), (2, 6), (2, 9), (3, 5), (3, 7), (4, 5), (4, 7), (4, 8), (5, 9), (6, 7), (6, 8), (6, 9), (8, 9)]                |
|20|[(0, 1), (0, 2), (0, 5), (0, 8), (1, 3), (1, 5), (1, 9), (2, 3), (2, 6), (2, 9), (3, 4), (3, 5), (3, 9), (4, 5), (4, 7), (4, 8), (5, 8), (6, 7), (6, 8), (7, 9)]        |
|21|[(0, 5), (0, 6), (0, 10), (1, 5), (1, 6), (1, 7), (1, 9), (2, 3), (2, 7), (2, 9), (3, 5), (3, 8), (3, 10), (4, 6), (4, 8), (4, 9), (4, 10), (5, 8), (6, 9), (7, 8)]     |
|22|[(0, 3), (0, 5), (0, 7), (0, 9), (1, 4), (1, 6), (1, 7), (1, 8), (2, 4), (2, 6), (2, 9), (3, 4), (3, 8), (3, 9), (4, 7), (4, 8), (5, 6), (5, 8), (7, 9)]                |
|23|[(0, 1), (0, 2), (0, 3), (0, 4), (1, 4), (1, 7), (1, 9), (2, 3), (2, 8), (2, 9), (3, 4), (3, 6), (3, 9), (4, 5), (5, 6), (5, 7), (6, 8), (7, 8), (7, 9), (8, 9)]        |
|24|[(0, 1), (0, 5), (0, 6), (0, 9), (1, 2), (1, 3), (1, 9), (2, 3), (2, 4), (2, 5), (3, 4), (3, 8), (4, 5), (4, 6), (4, 7), (4, 8), (5, 6), (6, 7), (7, 8), (7, 9), (8, 9)]|
|25|[(0, 1), (0, 3), (0, 4), (0, 5), (1, 2), (1, 5), (1, 7), (2, 3), (2, 7), (2, 9), (3, 4), (3, 9), (4, 6), (4, 8), (5, 6), (5, 9), (6, 7), (7, 8), (8, 9)]                |
|26|[(0, 1), (0, 4), (0, 7), (0, 8), (1, 2), (1, 3), (2, 4), (2, 6), (3, 6), (3, 7), (3, 9), (4, 5), (4, 7), (5, 6), (5, 7), (5, 8), (5, 9), (6, 9), (7, 8), (8, 9)]        |
|27|[(0, 1), (0, 3), (0, 5), (0, 9), (1, 2), (1, 4), (1, 6), (2, 3), (2, 6), (2, 8), (3, 7), (3, 9), (4, 7), (4, 9), (5, 6), (5, 8), (6, 7), (8, 9)]                        |
|28|[(0, 1), (0, 3), (0, 5), (0, 9), (1, 10), (1, 4), (2, 3), (2, 8), (2, 10), (3, 7), (3, 9), (4, 7), (4, 9), (5, 6), (5, 8), (6, 7), (6, 10), (8, 9)]                     |
|29|[(0, 1), (0, 4), (0, 5), (0, 7), (1, 2), (1, 6), (1, 9), (2, 3), (2, 7), (2, 9), (3, 4), (3, 6), (3, 8), (4, 5), (4, 8), (5, 6), (5, 9), (7, 8), (8, 9)]                |
|30|[(0, 1), (0, 3), (0, 4), (1, 2), (1, 6), (1, 7), (2, 3), (2, 8), (2, 9), (3, 5), (3, 9), (4, 5), (4, 6), (4, 8), (5, 6), (5, 9), (6, 7), (7, 8), (7, 9)]                |
|31|[(0, 1), (0, 4), (0, 5), (0, 6), (1, 2), (1, 9), (2, 3), (2, 5), (2, 8), (3, 4), (3, 7), (4, 6), (4, 9), (5, 6), (5, 7), (6, 7), (6, 9), (7, 8), (8, 9)]                |
|32|[(0, 1), (0, 4), (0, 5), (0, 6), (1, 2), (1, 9), (2, 3), (2, 5), (2, 8), (3, 4), (3, 7), (4, 6), (4, 9), (5, 6), (5, 8), (6, 7), (6, 9), (7, 8), (8, 9)]                |
|33|[(0, 1), (0, 3), (0, 4), (0, 5), (1, 2), (1, 7), (1, 8), (2, 3), (2, 8), (2, 9), (3, 5), (3, 6), (4, 5), (4, 7), (4, 8), (5, 6), (6, 8), (6, 9), (7, 9), (8, 9)]        |
|34|[(0, 1), (0, 2), (0, 3), (0, 8), (1, 2), (1, 3), (1, 5), (2, 5), (2, 7), (2, 9), (3, 4), (3, 6), (4, 5), (4, 9), (5, 7), (6, 7), (6, 8), (7, 9), (8, 9)]                |
|35|[(0, 1), (0, 4), (0, 5), (0, 7), (1, 2), (1, 5), (1, 6), (1, 7), (2, 3), (2, 6), (2, 7), (2, 8), (3, 4), (3, 6), (3, 8), (4, 9), (5, 6), (5, 9), (7, 8), (8, 9)]        |
|36|[(0, 1), (0, 3), (0, 7), (1, 2), (1, 4), (2, 3), (2, 5), (2, 9), (3, 6), (3, 8), (4, 5), (4, 7), (4, 8), (4, 9), (5, 6), (5, 7), (6, 9), (7, 8), (8, 9)]                |
|37|[(0, 1), (0, 3), (0, 4), (0, 8), (1, 2), (1, 4), (1, 6), (2, 3), (2, 4), (2, 7), (3, 4), (3, 9), (4, 5), (5, 6), (5, 7), (6, 9), (7, 8), (8, 9)]                        |
|38|[(0, 1), (0, 3), (0, 4), (0, 7), (1, 2), (1, 8), (2, 3), (2, 5), (2, 9), (3, 4), (3, 5), (4, 5), (4, 6), (4, 7), (5, 6), (5, 9), (6, 7), (6, 9), (7, 8), (8, 9)]        |
|39|[(0, 1), (0, 3), (0, 6), (0, 8), (1, 4), (1, 6), (1, 9), (2, 3), (2, 5), (2, 6), (2, 9), (3, 7), (3, 9), (4, 5), (4, 7), (5, 8), (6, 7), (8, 9)]                        |
|40|[(0, 1), (0, 4), (0, 9), (1, 2), (1, 5), (2, 3), (2, 6), (3, 4), (3, 7), (4, 8), (5, 6), (5, 9), (5, 10), (6, 7), (6, 10), (7, 8), (7, 10), (8, 9), (8, 10), (9, 10)]   |
|41|[(0, 1), (0, 4), (0, 6), (0, 7), (1, 4), (1, 8), (1, 10), (2, 3), (2, 8), (2, 10), (3, 5), (3, 7), (4, 5), (4, 8), (5, 9), (6, 7), (6, 9), (6, 10), (7, 10), (8, 9)]    |
+--+------------------------------------------------------------------------------------------------------------------------------------------------------------------------+
